Out-of-bag score estimate: 0.914
              precision    recall  f1-score   support

         146       1.00      1.00      1.00        54
         202       1.00      1.00      1.00         3
         809       1.00      1.00      1.00         2
         812       1.00      1.00      1.00         3
         814       1.00      1.00      1.00         1
         817       1.00      1.00      1.00         2
         825       1.00      1.00      1.00         2
         826       1.00      1.00      1.00         1
         827       1.00      1.00      1.00        20
         828       1.00      1.00      1.00         4
         831       1.00      1.00      1.00         1

   micro avg       1.00      1.00      1.00        93
   macro avg       1.00      1.00      1.00        93
weighted avg       1.00      1.00      1.00        93

Out-of-bag score estimate: 0.724
              precision    recall  f1-score   support

         146       0.99      1.00      1.00      1706
         254       1.00      1.00      1.00       105
         511       1.00      1.00      1.00         1
         512       1.00      1.00      1.00         1
         811       0.98      0.99      0.99      2482
         812       1.00      0.99      0.99       571
         813       0.99      1.00      0.99       209
         814       1.00      1.00      1.00        16
         815       1.00      1.00      1.00         4
         821       1.00      1.00      1.00        36
         822       1.00      0.98      0.99        62
         824       1.00      1.00      1.00         1
         826       1.00      0.93      0.96        14
         829       1.00      1.00      1.00         1
         830       0.99      0.98      0.99      1863
         831       1.00      0.92      0.96        60

   micro avg       0.99      0.99      0.99      7132
   macro avg       1.00      0.99      0.99      7132
weighted avg       0.99      0.99      0.99      7132

Out-of-bag score estimate: 0.967
              precision    recall  f1-score   support

         141       0.00      0.00      0.00         1
         146       0.99      0.99      0.99     16175
         150       0.93      0.95      0.94        93
         166       0.00      0.00      0.00         1
         172       1.00      1.00      1.00        15
         192       1.00      1.00      1.00        22
         194       1.00      1.00      1.00        14
         196       1.00      1.00      1.00         1
         198       1.00      1.00      1.00        11
         202       0.96      0.95      0.96       209
         209       0.96      0.88      0.92        26
         211       0.93      0.93      0.93        29
         260       1.00      1.00      1.00         1
         387       0.00      0.00      0.00         1
         401       0.97      0.91      0.94        32
         615       1.00      1.00      1.00        17
         715       1.00      1.00      1.00        13
         727       0.00      0.00      0.00         1
         809       1.00      0.97      0.98        30
         812       0.98      1.00      0.99      3868
         813       0.97      0.98      0.98      3139
         814       0.96      0.95      0.95      1007
         817       0.95      0.96      0.95      2458
         818       0.97      0.98      0.97        93
         819       0.00      0.00      0.00        11
         820       1.00      0.92      0.96        26
         822       0.91      0.98      0.94        42
         823       1.00      1.00      1.00         5
         824       0.99      1.00      0.99       140
         825       1.00      1.00      1.00         2
         826       0.98      0.96      0.97      1531
         827       0.98      0.98      0.98     12877
         828       0.92      0.85      0.89      1011
         831       0.97      0.98      0.98      2970

   micro avg       0.98      0.98      0.98     45872
   macro avg       0.83      0.83      0.83     45872
weighted avg       0.98      0.98      0.98     45872

Out-of-bag score estimate: 0.969
              precision    recall  f1-score   support

         141       0.00      0.00      0.00         1
         146       0.99      0.99      0.99     16217
         150       0.92      0.94      0.93        78
         166       0.00      0.00      0.00         1
         172       1.00      1.00      1.00        11
         192       1.00      1.00      1.00        18
         194       1.00      1.00      1.00        13
         198       1.00      1.00      1.00        15
         202       0.95      0.96      0.95       201
         209       0.96      0.78      0.86        32
         211       0.91      1.00      0.95        30
         254       1.00      1.00      1.00         1
         260       1.00      1.00      1.00         1
         387       0.00      0.00      0.00         1
         401       0.93      0.93      0.93        28
         615       1.00      1.00      1.00        19
         715       1.00      1.00      1.00        15
         727       0.00      0.00      0.00         1
         809       1.00      0.97      0.98        31
         812       0.98      1.00      0.99      3884
         813       0.98      0.98      0.98      3108
         814       0.95      0.95      0.95       999
         817       0.95      0.96      0.96      2474
         818       0.99      0.99      0.99        94
         819       0.00      0.00      0.00         8
         820       0.97      0.97      0.97        30
         822       0.95      0.95      0.95        40
         823       1.00      1.00      1.00         7
         824       0.98      1.00      0.99       133
         825       1.00      1.00      1.00         2
         826       0.98      0.96      0.97      1553
         827       0.98      0.97      0.98     12808
         828       0.91      0.88      0.89      1053
         831       0.98      0.98      0.98      2965

   micro avg       0.98      0.98      0.98     45872
   macro avg       0.83      0.83      0.83     45872
weighted avg       0.98      0.98      0.98     45872

Out-of-bag score estimate: 0.709
              precision    recall  f1-score   support

         146       1.00      1.00      1.00      1713
         254       1.00      1.00      1.00        96
         511       1.00      1.00      1.00         1
         512       1.00      1.00      1.00         1
         811       0.99      1.00      1.00      2466
         812       1.00      1.00      1.00       574
         813       1.00      1.00      1.00       210
         814       1.00      1.00      1.00        14
         815       1.00      1.00      1.00         3
         821       1.00      1.00      1.00        40
         822       1.00      1.00      1.00        64
         824       1.00      1.00      1.00         2
         826       1.00      0.93      0.96        14
         829       1.00      1.00      1.00         2
         830       1.00      0.99      1.00      1871
         831       1.00      1.00      1.00        57
         953       1.00      1.00      1.00         4

   micro avg       1.00      1.00      1.00      7132
   macro avg       1.00      0.99      1.00      7132
weighted avg       1.00      1.00      1.00      7132

