Out-of-bag score estimate: 0.857
              precision    recall  f1-score   support

         146       1.00      1.00      1.00        93
         172       1.00      1.00      1.00         1
         202       1.00      1.00      1.00         3
         809       1.00      1.00      1.00         1
         812       1.00      1.00      1.00        23
         813       1.00      1.00      1.00        11
         814       1.00      1.00      1.00         6
         817       0.86      1.00      0.92        12
         825       1.00      1.00      1.00         2
         826       1.00      1.00      1.00        12
         827       1.00      1.00      1.00        72
         828       1.00      1.00      1.00         9
         831       1.00      0.85      0.92        13

    accuracy                           0.99       258
   macro avg       0.99      0.99      0.99       258
weighted avg       0.99      0.99      0.99       258

Out-of-bag score estimate: 0.864
              precision    recall  f1-score   support

         146       1.00      1.00      1.00        88
         172       1.00      1.00      1.00         1
         202       1.00      1.00      1.00         4
         809       1.00      1.00      1.00         2
         812       1.00      1.00      1.00        30
         813       1.00      1.00      1.00        11
         814       1.00      1.00      1.00         6
         817       1.00      0.85      0.92        13
         825       1.00      1.00      1.00         1
         826       1.00      1.00      1.00         9
         827       1.00      1.00      1.00        71
         828       1.00      1.00      1.00        10
         831       0.86      1.00      0.92        12

    accuracy                           0.99       258
   macro avg       0.99      0.99      0.99       258
weighted avg       0.99      0.99      0.99       258

Out-of-bag score estimate: 0.582
              precision    recall  f1-score   support

         146       1.00      1.00      1.00        11
         811       1.00      1.00      1.00        28
         813       1.00      1.00      1.00         4
         822       1.00      1.00      1.00         2
         829       1.00      1.00      1.00         1
         830       1.00      1.00      1.00        32
         831       1.00      1.00      1.00         1

    accuracy                           1.00        79
   macro avg       1.00      1.00      1.00        79
weighted avg       1.00      1.00      1.00        79

Out-of-bag score estimate: 0.57
              precision    recall  f1-score   support

         146       1.00      1.00      1.00        12
         254       1.00      1.00      1.00         1
         811       1.00      1.00      1.00        25
         812       1.00      1.00      1.00         1
         813       1.00      1.00      1.00         4
         814       1.00      1.00      1.00         1
         822       1.00      1.00      1.00         2
         829       1.00      1.00      1.00         1
         830       1.00      1.00      1.00        32

    accuracy                           1.00        79
   macro avg       1.00      1.00      1.00        79
weighted avg       1.00      1.00      1.00        79

